Number0:  0.757908821105957 1.0 0.24209117889404297 0.0 
Number1:  0.7706504621003804 0.9872583590055767 0.22934953789961965 0.01274164099442332 
Number2:  0.7833921030948037 0.9745167180111534 0.21660789690519633 0.02548328198884664 
Number3:  0.796133744089227 0.96177507701673 0.203866255910773 0.03822492298326996 
Number4:  0.8088753850836503 0.9490334360223067 0.1911246149163497 0.05096656397769328 
Number5:  0.8216170260780736 0.9362917950278834 0.17838297392192637 0.0637082049721166 
Number6:  0.834358667072497 0.9235501540334601 0.16564133292750305 0.07644984596653992 
Number7:  0.8471003080669203 0.9108085130390368 0.15289969193307973 0.08919148696096324 
Number8:  0.8598419490613436 0.8980668720446134 0.1401580509386564 0.10193312795538656 
Number9:  0.8725835900557669 0.8853252310501901 0.1274164099442331 0.11467476894980988 
Number10:  0.8853252310501902 0.8725835900557668 0.11467476894980977 0.1274164099442332 
Number11:  0.8980668720446136 0.8598419490613435 0.10193312795538645 0.14015805093865652 
Number12:  0.9108085130390369 0.8471003080669202 0.08919148696096313 0.15289969193307984 
Number13:  0.9235501540334602 0.8343586670724968 0.07644984596653981 0.16564133292750316 
Number14:  0.9362917950278835 0.8216170260780735 0.06370820497211649 0.17838297392192648 
Number15:  0.9490334360223068 0.8088753850836502 0.05096656397769317 0.1911246149163498 
Number16:  0.9617750770167302 0.7961337440892269 0.03822492298326985 0.20386625591077312 
Number17:  0.9745167180111535 0.7833921030948036 0.02548328198884653 0.21660789690519644 
Number18:  0.9872583590055768 0.7706504621003802 0.012741640994423209 0.22934953789961976 
Number19:  1.0 0.7579088211059569 0.0 0.24209117889404308 
